<?xml version="1.0"?>
<opencv_storage>
<calibration_Time>"Tue Dec  6 20:51:29 2016"</calibration_Time>
<nrOfFrames>10</nrOfFrames>
<image_Width>1280</image_Width>
<image_Height>738</image_Height>
<board_Width>9</board_Width>
<board_Height>6</board_Height>
<square_Size>50.</square_Size>
<FixAspectRatio>1.</FixAspectRatio>
<!-- flags:  +fix_aspectRatio +fix_principal_point +zero_tangent_dist -->
<flagValue>14</flagValue>
<Camera_Matrix type_id="opencv-matrix">
  <rows>3</rows>
  <cols>3</cols>
  <dt>d</dt>
  <data>
    1.0837449050061734e+03 0. 6.3950000000000000e+02 0.
    1.0837449050061734e+03 3.6850000000000000e+02 0. 0. 1.</data></Camera_Matrix>
<Distortion_Coefficients type_id="opencv-matrix">
  <rows>5</rows>
  <cols>1</cols>
  <dt>d</dt>
  <data>
    -5.8179279888273083e-01 7.6873518296930821e-01 0. 0.
    -5.9197125404147499e-01</data></Distortion_Coefficients>
<Avg_Reprojection_Error>1.0446499542769296e+00</Avg_Reprojection_Error>
<Per_View_Reprojection_Errors type_id="opencv-matrix">
  <rows>10</rows>
  <cols>1</cols>
  <dt>f</dt>
  <data>
    6.38880014e-01 1.34949875e+00 5.38641453e-01 8.02534103e-01
    7.35927522e-01 9.91640270e-01 1.72762978e+00 1.71467400e+00
    3.04334283e-01 4.55032349e-01</data></Per_View_Reprojection_Errors>
<!-- a set of 6-tuples (rotation vector + translation vector) for each view -->
<Extrinsic_Parameters type_id="opencv-matrix">
  <rows>10</rows>
  <cols>6</cols>
  <dt>d</dt>
  <data>
    -3.7582601692236073e-01 2.4009507481128389e-01
    -2.9236819270622210e+00 3.1076366947974378e+02
    1.4788525390444281e+02 1.3662259114479452e+03 2.3941770268265616e-01
    3.4189714064776590e-02 -3.0107898891062190e-02
    7.2844707528422134e+01 -3.9501473021794442e+02
    1.2604520879207707e+03 2.9599972908973277e-01
    -1.8032067118750558e-01 -1.5304659008448749e+00
    -1.0730449261445062e+03 -3.4013215000302424e+01
    1.6990697545737330e+03 2.3997083069467628e-01
    -3.7471533659088840e-02 -3.8136680979342912e-02
    2.1986960523800761e+02 -3.5500932946798952e+02
    1.1788153851313405e+03 1.8096645224962526e-01
    -4.6361929901640272e-02 -2.1913898992913315e-02
    2.7928733951623877e+02 -3.3261704824742321e+02
    1.1735815332826091e+03 1.8559019695453172e-01 2.2585621229284958e-01
    3.8935578224631215e-02 3.7761867367617737e+02
    -3.8186337071492727e+02 1.2498452948964787e+03
    1.2004188516871654e-01 1.7283262482963796e-01 1.1334485838169317e-01
    -1.9205591404964918e+02 -1.3690212903506978e+02
    8.2442779482260312e+02 1.4286321636538615e-01 2.1095389065810613e-01
    1.3873306276107217e-01 -2.2297014373428286e+02
    -1.4478739574910216e+02 7.4417566861440355e+02
    -3.0145673557498903e-01 3.0767051910902493e-01
    -1.5485268479840513e+00 -1.9469486550264136e+01
    1.6140510876929019e+02 1.4616860226938095e+03
    -2.7670645765169338e-01 2.6530251949207673e-01
    -1.5605691361679774e+00 2.7123511004546560e+02
    1.0742829046875332e+02 1.4644998642438011e+03</data></Extrinsic_Parameters>
<Image_points type_id="opencv-matrix">
  <rows>10</rows>
  <cols>54</cols>
  <dt>"2f"</dt>
  <data>
    8.76479004e+02 4.81259857e+02 8.40507751e+02 4.73665009e+02
    8.04361816e+02 4.65864746e+02 7.67646606e+02 4.58301361e+02
    7.31275330e+02 4.50713593e+02 6.95036499e+02 4.42817566e+02
    6.58915710e+02 4.34677582e+02 6.23966736e+02 4.26539978e+02
    5.88804504e+02 4.18978302e+02 8.84711853e+02 4.45209869e+02
    8.48206665e+02 4.37390533e+02 8.11735168e+02 4.29717712e+02
    7.74911011e+02 4.22015442e+02 7.38130371e+02 4.14084656e+02
    7.01441284e+02 4.06570160e+02 6.65205200e+02 3.98633514e+02
    6.29404053e+02 3.90687378e+02 5.93613403e+02 3.83278748e+02
    8.92939270e+02 4.07875916e+02 8.56304565e+02 4.00361847e+02
    8.19423584e+02 3.92611450e+02 7.82282410e+02 3.84874390e+02
    7.45114075e+02 3.76818054e+02 7.07824036e+02 3.69194855e+02
    6.71253357e+02 3.61399139e+02 6.35239258e+02 3.54000946e+02
    5.99645142e+02 3.46583740e+02 9.00988647e+02 3.70217773e+02
    8.64359558e+02 3.62784454e+02 8.26004456e+02 3.54370422e+02
    7.88869507e+02 3.46579803e+02 7.52230591e+02 3.39096191e+02
    7.14294373e+02 3.31770050e+02 6.77442017e+02 3.24279785e+02
    6.40838440e+02 3.16620880e+02 6.05031128e+02 3.09636230e+02
    9.09277161e+02 3.32511810e+02 8.72040039e+02 3.24522675e+02
    8.34131897e+02 3.16439636e+02 7.96434998e+02 3.08626129e+02
    7.58805237e+02 3.01176086e+02 7.21084106e+02 2.93558197e+02
    6.83930420e+02 2.86385193e+02 6.47301086e+02 2.79130310e+02
    6.10730469e+02 2.72386292e+02 9.16848267e+02 2.93700958e+02
    8.79585449e+02 2.85598328e+02 8.41757385e+02 2.77843872e+02
    8.03490051e+02 2.69861816e+02 7.65391479e+02 2.62467773e+02
    7.27597351e+02 2.55032303e+02 6.90243042e+02 2.47695953e+02
    6.52988159e+02 2.41276703e+02 6.16479309e+02 2.34463470e+02
    7.01588440e+02 4.73278313e+01 7.40752991e+02 4.64330177e+01
    7.80180420e+02 4.59599876e+01 8.19426758e+02 4.56702728e+01
    8.58261353e+02 4.61321220e+01 8.96235535e+02 4.67856369e+01
    9.34246582e+02 4.82363739e+01 9.70607483e+02 4.97485352e+01
    1.00621533e+03 5.20425072e+01 7.03017273e+02 8.56528320e+01
    7.42118042e+02 8.46442184e+01 7.81877319e+02 8.42587662e+01
    8.20856140e+02 8.42059021e+01 8.59874390e+02 8.47698059e+01
    8.98038147e+02 8.53446960e+01 9.35688477e+02 8.64986496e+01
    9.72201904e+02 8.82909622e+01 1.00843750e+03 8.96972122e+01
    7.04108521e+02 1.25263268e+02 7.43096252e+02 1.24411850e+02
    7.82834106e+02 1.23919128e+02 8.22079041e+02 1.23821007e+02
    8.60887695e+02 1.24202843e+02 8.99377258e+02 1.25021141e+02
    9.36557251e+02 1.25989876e+02 9.73525940e+02 1.26672081e+02
    1.00952625e+03 1.28201706e+02 7.05002014e+02 1.65414139e+02
    7.44130188e+02 1.64520981e+02 7.84587524e+02 1.63929398e+02
    8.23495972e+02 1.63610901e+02 8.61560547e+02 1.63653351e+02
    9.00217041e+02 1.64298996e+02 9.37527466e+02 1.65185226e+02
    9.73969543e+02 1.66385223e+02 1.01049170e+03 1.67410065e+02
    7.05776062e+02 2.04945786e+02 7.45264038e+02 2.04348862e+02
    7.84456116e+02 2.03998871e+02 8.23831909e+02 2.03821518e+02
    8.62358093e+02 2.03947784e+02 9.00361755e+02 2.04464951e+02
    9.37833435e+02 2.04611465e+02 9.74690613e+02 2.05228943e+02
    1.01143506e+03 2.05848236e+02 7.06859375e+02 2.44899612e+02
    7.45600098e+02 2.44402695e+02 7.85045715e+02 2.44305649e+02
    8.24154724e+02 2.44019745e+02 8.62758362e+02 2.43826996e+02
    9.00273987e+02 2.44064011e+02 9.37764404e+02 2.44246460e+02
    9.74544617e+02 2.44628906e+02 1.01080945e+03 2.45493225e+02
    5.64322243e+01 3.51026825e+02 5.66032181e+01 3.23565460e+02
    5.73569527e+01 2.96002014e+02 5.77085953e+01 2.68572906e+02
    5.86768570e+01 2.41112747e+02 6.00082016e+01 2.13648056e+02
    6.18368149e+01 1.86602844e+02 6.38398666e+01 1.59638000e+02
    6.64695587e+01 1.33268158e+02 8.03717804e+01 3.51330750e+02
    8.04231567e+01 3.23672485e+02 8.06873322e+01 2.95856812e+02
    8.14569778e+01 2.68410004e+02 8.25796967e+01 2.41104370e+02
    8.40673447e+01 2.13704865e+02 8.59514008e+01 1.86513565e+02
    8.80769958e+01 1.59796265e+02 9.03107147e+01 1.33296341e+02
    1.04715576e+02 3.51136841e+02 1.04503159e+02 3.23443634e+02
    1.05223419e+02 2.95773102e+02 1.05889381e+02 2.68635498e+02
    1.07586334e+02 2.40978683e+02 1.08600891e+02 2.13566849e+02
    1.10427132e+02 1.86516953e+02 1.12558052e+02 1.59786377e+02
    1.15040764e+02 1.33357971e+02 1.29576584e+02 3.51425323e+02
    1.29444489e+02 3.23927094e+02 1.30325562e+02 2.95658997e+02
    1.30920029e+02 2.68356934e+02 1.32267960e+02 2.41213776e+02
    1.33190369e+02 2.14038345e+02 1.34801163e+02 1.86560776e+02
    1.37376556e+02 1.60181503e+02 1.39353668e+02 1.33561157e+02
    1.54438797e+02 3.51630585e+02 1.54565430e+02 3.23743286e+02
    1.55132431e+02 2.96251862e+02 1.55859497e+02 2.68561981e+02
    1.57197617e+02 2.41352005e+02 1.58484543e+02 2.13781662e+02
    1.60032852e+02 1.86906403e+02 1.61878815e+02 1.60498138e+02
