<?xml version="1.0"?>
<opencv_storage>
<calibration_Time>"Tue Dec  6 20:35:44 2016"</calibration_Time>
<nrOfFrames>6</nrOfFrames>
<image_Width>1280</image_Width>
<image_Height>720</image_Height>
<board_Width>9</board_Width>
<board_Height>6</board_Height>
<square_Size>50.</square_Size>
<FixAspectRatio>1.</FixAspectRatio>
<!-- flags:  +fix_aspectRatio +fix_principal_point +zero_tangent_dist -->
<flagValue>14</flagValue>
<Camera_Matrix type_id="opencv-matrix">
  <rows>3</rows>
  <cols>3</cols>
  <dt>d</dt>
  <data>
    8.0112928344631712e+02 0. 6.3950000000000000e+02 0.
    8.0112928344631712e+02 3.5950000000000000e+02 0. 0. 1.</data></Camera_Matrix>
<Distortion_Coefficients type_id="opencv-matrix">
  <rows>5</rows>
  <cols>1</cols>
  <dt>d</dt>
  <data>
    -1.3671338703219091e-01 1.8650745119928613e-01 0. 0.
    -2.0392020864540977e-01</data></Distortion_Coefficients>
<Avg_Reprojection_Error>7.6066305752150620e-01</Avg_Reprojection_Error>
<Per_View_Reprojection_Errors type_id="opencv-matrix">
  <rows>6</rows>
  <cols>1</cols>
  <dt>f</dt>
  <data>
    1.27978885e+00 7.14320779e-01 7.82134414e-01 5.13172388e-01
    4.15846735e-01 5.24906933e-01</data></Per_View_Reprojection_Errors>
<!-- a set of 6-tuples (rotation vector + translation vector) for each view -->
<Extrinsic_Parameters type_id="opencv-matrix">
  <rows>6</rows>
  <cols>6</cols>
  <dt>d</dt>
  <data>
    1.4251863983364121e-01 2.9173255664393838e-01 2.4628162518523473e-02
    -4.8039352532940774e+02 -7.0830356348065166e+01
    1.2587225946403969e+03 1.1218320404637414e-02
    -6.0565043578749325e-02 -1.5062313722193311e-02
    -3.5051786742448866e+02 -1.5200652039019641e+02
    9.8656249819047491e+02 -8.3260987211863979e-01
    8.3971753055249898e-02 -4.7311198543977938e-02
    -3.4760582442240496e+02 5.7504390764510234e+01
    1.0723230229437988e+03 -4.2595964585197921e-01
    -3.9286465969684153e-01 -7.7179475770868877e-01
    -6.6225141676151600e+02 9.2433492618785834e+01
    1.0546092514585032e+03 7.4247774643254136e-03 6.5542357628326553e-02
    -1.5423344019495393e+00 -2.1605999632504739e+02
    2.7195939631439518e+02 9.7809258061826426e+02
    -9.9057912497833078e-01 1.7079084367837916e-01
    5.6555482726565999e-02 -3.1481830576672911e+02
    1.4904834070550814e+02 1.2047459398641026e+03</data></Extrinsic_Parameters>
<Image_points type_id="opencv-matrix">
  <rows>6</rows>
  <cols>54</cols>
  <dt>"2f"</dt>
  <data>
    3.38584351e+02 3.15552307e+02 3.64177582e+02 3.16440247e+02
    3.91117950e+02 3.17413727e+02 4.18522522e+02 3.18450989e+02
    4.47057068e+02 3.18717621e+02 4.77304962e+02 3.20421417e+02
    5.08600708e+02 3.20676666e+02 5.40331848e+02 3.21107300e+02
    5.73818848e+02 3.22580902e+02 3.41274017e+02 3.46538086e+02
    3.65485352e+02 3.47046936e+02 3.92631714e+02 3.48605896e+02
    4.19983887e+02 3.50515198e+02 4.47713684e+02 3.51940918e+02
    4.77532379e+02 3.53264374e+02 5.08601715e+02 3.54301361e+02
    5.40738953e+02 3.55326172e+02 5.73931885e+02 3.56430847e+02
    3.44398834e+02 3.76258820e+02 3.68427338e+02 3.78223877e+02
    3.95193542e+02 3.80142303e+02 4.21791870e+02 3.81940613e+02
    4.49399689e+02 3.84120605e+02 4.78381378e+02 3.86056763e+02
    5.08631226e+02 3.87648438e+02 5.40728149e+02 3.88727966e+02
    5.73265015e+02 3.90199768e+02 3.45332153e+02 4.06373047e+02
    3.70757477e+02 4.08511292e+02 3.98229767e+02 4.13241272e+02
    4.24423706e+02 4.12443207e+02 4.51222229e+02 4.16420135e+02
    4.79048950e+02 4.18380951e+02 5.08980042e+02 4.20665649e+02
    5.40731567e+02 4.22592316e+02 5.73427246e+02 4.24044800e+02
    3.46100800e+02 4.36935699e+02 3.71492157e+02 4.39466309e+02
    3.98586334e+02 4.41416901e+02 4.25347626e+02 4.44335907e+02
    4.52440613e+02 4.47324493e+02 4.81019806e+02 4.50999939e+02
    5.10117493e+02 4.53267548e+02 5.40327881e+02 4.55210480e+02
    5.73512878e+02 4.57412689e+02 3.44462738e+02 4.67305084e+02
    3.70867950e+02 4.69591370e+02 3.97999573e+02 4.72472382e+02
    4.25861053e+02 4.74849213e+02 4.54023193e+02 4.77991486e+02
    4.82120331e+02 4.81142792e+02 5.10702698e+02 4.85122833e+02
    5.41354492e+02 4.88077271e+02 5.73122559e+02 4.90784698e+02
    3.59539520e+02 2.37966797e+02 3.98538422e+02 2.37839905e+02
    4.39070435e+02 2.36588318e+02 4.78603180e+02 2.36149780e+02
    5.18346252e+02 2.35137161e+02 5.58622131e+02 2.34723633e+02
    5.98683105e+02 2.35150833e+02 6.37766052e+02 2.35573685e+02
    6.76452698e+02 2.35998917e+02 3.60304718e+02 2.77726227e+02
    3.99285278e+02 2.76771179e+02 4.39169464e+02 2.76391266e+02
    4.79142731e+02 2.75927002e+02 5.18914124e+02 2.75175751e+02
    5.59497253e+02 2.74442993e+02 5.99615601e+02 2.74153687e+02
    6.39200317e+02 2.74347137e+02 6.78057678e+02 2.74069305e+02
    3.61723846e+02 3.17710449e+02 4.00345734e+02 3.17485779e+02
    4.40375061e+02 3.16419250e+02 4.80075256e+02 3.16232849e+02
    5.20237183e+02 3.15323822e+02 5.59892029e+02 3.15099243e+02
    6.00444214e+02 3.14632477e+02 6.39852966e+02 3.14187927e+02
    6.78568115e+02 3.13685211e+02 3.62412964e+02 3.58253082e+02
    4.01296906e+02 3.57380310e+02 4.42073792e+02 3.56964539e+02
    4.81505737e+02 3.56172577e+02 5.20521179e+02 3.55494385e+02
    5.61460022e+02 3.54849854e+02 6.01242126e+02 3.54949005e+02
    6.40638733e+02 3.53785156e+02 6.79640320e+02 3.52857208e+02
    3.62669037e+02 3.97387848e+02 4.02288971e+02 3.96716797e+02
    4.41818695e+02 3.96139038e+02 4.82168915e+02 3.95670319e+02
    5.21403076e+02 3.95300049e+02 5.61569702e+02 3.94618744e+02
    6.01477844e+02 3.94192261e+02 6.41243225e+02 3.93026398e+02
    6.80526367e+02 3.92380341e+02 3.61796661e+02 4.37342834e+02
    4.01883453e+02 4.36716339e+02 4.42190674e+02 4.36300629e+02
    4.82202637e+02 4.35578949e+02 5.22310852e+02 4.35532715e+02
    5.62450317e+02 4.34588379e+02 6.02018250e+02 4.34655609e+02
    6.41880493e+02 4.33143585e+02 6.81682129e+02 4.32460938e+02
    3.82521606e+02 4.00108673e+02 4.17881470e+02 3.98065643e+02
    4.54252258e+02 3.95646790e+02 4.90603302e+02 3.93386505e+02
    5.27546326e+02 3.91258392e+02 5.64873535e+02 3.88793243e+02
    6.02363525e+02 3.85944824e+02 6.40129761e+02 3.83718292e+02
    6.78257874e+02 3.81650757e+02 3.74391663e+02 4.28451874e+02
    4.11115692e+02 4.25944641e+02 4.48291779e+02 4.23382629e+02
    4.86229523e+02 4.21267395e+02 5.24103149e+02 4.18717712e+02
    5.62705505e+02 4.16375153e+02 6.01652771e+02 4.13756958e+02
    6.40608154e+02 4.11125854e+02 6.80167847e+02 4.08158752e+02
    3.66088928e+02 4.58464142e+02 4.03297607e+02 4.55561218e+02
    4.42377106e+02 4.53447021e+02 4.81177673e+02 4.51375458e+02
    5.20516663e+02 4.49088867e+02 5.60378235e+02 4.46095459e+02
    6.00616211e+02 4.43151245e+02 6.41192017e+02 4.40548004e+02
    6.81883057e+02 4.37462402e+02 3.56560913e+02 4.90402008e+02
    3.95163208e+02 4.87376770e+02 4.36527771e+02 4.85203186e+02
    4.76308380e+02 4.82513916e+02 5.16258362e+02 4.80381500e+02
    5.58522766e+02 4.77391907e+02 5.99442688e+02 4.74634827e+02
    6.41454346e+02 4.71651001e+02 6.83716858e+02 4.68697998e+02
    3.46313507e+02 5.23806152e+02 3.86332733e+02 5.20804016e+02
    4.27462799e+02 5.18321899e+02 4.69360565e+02 5.16363464e+02
    5.11505280e+02 5.13543152e+02 5.54677185e+02 5.10741638e+02
    5.98043152e+02 5.08001526e+02 6.41566223e+02 5.04925690e+02
    6.86056824e+02 5.02321991e+02 3.34682983e+02 5.58773499e+02
    3.76402039e+02 5.56630371e+02 4.19279755e+02 5.54491272e+02
    4.62509888e+02 5.52233398e+02 5.06399963e+02 5.49541504e+02
    5.51136902e+02 5.47165710e+02 5.96348816e+02 5.44166138e+02
    6.41786438e+02 5.40921204e+02 6.88057983e+02 5.38218994e+02
    1.55233597e+02 4.25688202e+02 1.87327026e+02 4.04477905e+02
    2.18778900e+02 3.83506897e+02 2.49110016e+02 3.63347443e+02
    2.78404388e+02 3.43603455e+02 3.06482300e+02 3.24460114e+02
    3.33765686e+02 3.05849396e+02 3.59964020e+02 2.88518860e+02
    3.85776367e+02 2.72000519e+02 1.76436081e+02 4.50750610e+02
    2.08281158e+02 4.28281586e+02 2.39793854e+02 4.06540802e+02
